9524047
7448470
4573369
4782321
14221799
5609429
16652319
2515459
5301623
16089059
15215135
6043068
4044963
7470346
10539834
15365147
12793388
1478013
9990409
2836833
3363619
14987902
8205694
15228375
364125
13339288
11619864
14214366
10381273
9173047
569187
8038367
10773814
16677896
3220609
16108220
16705970
8367384
880058
6716941
2002957
12520567
16137058
10763451
1675884
3199127
15263618
7398475
6129590
4013784
4156429
15605425
6403583
9955834
8806520
2078577
6440570
3961630
2567088
8712579
169978
365271
1125025
12811682
10553653
7776655
369256
2872941
5053232
12708853
6749313
6516538
15234494
10785443
6702381
4130931
13030282
326986
16461118
12760790
12996674
15092453
6429595
8759112
9052512
8448821
14553964
5155972
458900
14853043
4292117
6442093
7343417
10585248
9445057
16631209
12693549
3378004
4762678
2797783
14424643
8845125
4755560
10885280
10404055
11110476
13901584
1615603
1455461
14381232
4583727
5417133
3130303
10243418
14675519
12638789
738893
3480621
14192722
7091261
4386799
8596747
7537206
8266613
3782471
10569569
15167766
8189205
13655778
4564308
7676379
8047895
12486732
5144731
12327160
2533222
8195388
285970
15084760
7987959
471310
3029926
2206634
15942244
3327308
7454450
7276462
7050039
8697210
3732275
15314325
3609181
3977333
11329164
13754873
1492493
14344043
4445844
4759845
14572015
5002261
493124
16487152
351842
4689930
3857645
6848140
13059404
4601348
6499773
13552517
13505332
12028570
6918286
4768083
6737980
6310994
11676251
3002689
10125034
1964584
9178770
13333073
1852616
963412
7777465
4872249
6676352
6308575
9212042
9187426
13053492
7138464
7999364
9758254
4132813
5402485
3694406
2606479
4915514
7545114
11443622
4451401
1867683
5749373
11487091
4084190
13914161
14911397
10110752
13269105
6250030
14963453
1086012
12025995
12789519
2894231
14007710
7275197
7194441
494377
9051543
5478381
13836514
9487762
16327433
5271277
16159259
16392091
4290925
360371
1306060
15304914
10999334
5758338
11558096
10826985
4188220
3085508
14833158
13483672
9960089
11623253
4365997
16255204
4639608
4083058
12733434
8875206
3283773
8643129
2942806
12854394
9329981
13421643
5788931
8526926
11777860
16281759
3145608
4332153
4235921
953137
6256094
11649931
16428034
12861881
9198880
9277220
2374353
13452293
12379472
8056864
10436304
12018458
1919403
13525988
16128651
3221400
15469850
16180604
9636856
2295882
13383769
1339913
15489369
12865316
6543035
2190498
7360791
4198477
8918425
2178779
984057
8069123
6154006
2656583
4385494
1586331
16046117
5079788
10247502
11179233
11354498
10366957
585588
14503042
12601563
3620356
2761320
3017519
13619279
6123528
1315071
914285
4969492
9461872
11747149
6213376
8881742
15551718
2548664
2470929
13255904
9818675
977837
11807521
11154033
3651402
7194240
4627959
13207524
11194318
13066282
8208022
11842554
7389574
7896257
9756255
16384296
8991772
16727638
3949636
13960023
737034
15174330
11311361
957859
15488517
14507823
1398017
14842166
16287767
14620323
3854485
169682
1941627
15009059
11335614
11592401
1249714
2126478
3388088
16768035
12712577
288868
15404825
11225098
7926119
6259822
855569
6636415
9139386
15678884
450301
8572249
15481863
11010871
11869501
15728584
11632954
9056501
6881438
16044325
11236853
6812037
2237579
10905994
1522188
13850601
1713793
7555463
15336215
7528361
9741284
14869427
14346823
9328560
5082581
6520074
8104985
7884950
659964
9474974
8400125
13854029
2876883
6649458
16180753
3481237
7551283
5030202
5276916
10903452
13717859
11798806
16093469
4582948
14246445
6881691
10833790
2296916
16446146
3399901
2972197
11247359
13138837
8113089
14115907
15137443
14560356
5369437
643923
14564521
13132301
443614
15373162
6207400
2846158
2131264
5025366
13840751
4345542
6942444
492269
10410587
6291115
6731868
6441764
8810578
5719734
324056
8072063
3536425
1033674
8840359
12059963
6024118
1124342
11793694
11429082
6864096
16221518
4059524
2904337
3080275
6923823
9825538
8884434
6783510
6779074
2003566
10932935
16285004
11348647
15785053
1475597
8776650
10050905
12897188
8265398
13870034
14360544
11491621
1264310
12117326
8591369
4989132
10472448
7002701
11646016
11640713
7952140
10216255
11839684
7481890
12183734
3006570
6066888
8760574
15337253
9908394
12809612
7066177
9221806
3740420
12219478
13449701
12926658
3888912
1463194
14758926
3334064
5750856
10796895
10614331
14619031
7060590
10068053
194002
14878471
9743891
9088948
14560003
9578962
13913087
9926492
16126992
13092384
8898012
6468409
643016
6141524
15689685
5965388
3429411
11974987
14965555
14208022
16662781
12401509
949006
4774555
5245997
7358780
15119142
5758045
2691454
15638596
150958
9883943
889705
11556197
13587596
8503963
2944784
4539255
8303855
10947274
5079907
12045003
1522328
9511510
9846561
6405932
11625495
13235360
6354991
4491890
14763170
16619249
15333003
2840206
6257548
1052233
1323804
12962287
602002
12182263
13778111
7717994
11205969
9216981
5662970
10440786
2164446
6910268
632847
9196280
11306909
8727715
3218044
7313644
3230841
14627041
9391713
7062574
1875877
10447845
14949055
2489635
1841329
6912173
10060595
3776884
12480612
7392012
14114181
5541346
3417179
3748279
3729682
13568282
11938410
8368589
14208050
7683264
5902658
12979420
9140857
6750045
6761338
16374544
14595601
2841735
9328184
12450316
12278598
5023855
9289241
5558638
2553331
5330987
3077575
9403342
7315870
6201415
367281
1694081
15178925
10405584
15701980
11322641
13357713
7726244
13196676
6593494
9557387
14859004
5161063
316091
5606459
3568919
3268114
8510356
6737724
7557781
3518033
3532271
1885371
13233270
8568347
7041728
1096004
3417276
12447676
11790221
13902537
15918735
15179765
960571
7166851
13054512
3664366
16077026
4997676
6227063
4275537
7716678
5141211
13333573
15234279
9058573
10761205
11719001
5443885
4545469
7459714
11865621
15809524
989703
9385898
15640848
15298833
2228690
4740873
14777099
16111172
10863575
5736527
10621315
9882443
1807225
7393706
10607958
10648530
13813734
4072824
5486331
2312531
6568259
15183841
8570476
11984045
4614646
2211407
15952759
5787393
1679339
2257639
16218929
14807535
8771504
13586883
8595509
6240454
3858248
788490
9358571
12099933
2624328
12432565
2105450
12735633
7912165
2616454
2959240
15515164
9130297
654451
11760492
3693196
14497786
6698191
9596269
6050404
1240202
14272833
16710722
5481566
15646722
6808562
3579990
8925079
510116
4430409
3808222
12127002
6697641
2983174
12332649
16286650
8358697
9744826
12200693
11709841
2909520
16494150
15204895
4105379
14330832
2202970
3047351
12249637
15768032
7862996
8530703
7627490
9337795
16528735
7644001
5869782
4485679
6626748
13901136
15271868
7158132
2085089
1209059
8436653
12374181
12318273
11869291
13017903
11825511
11046045
4027802
13489458
10220142
15074034
9858720
12419174
11468792
12766827
14857304
2760222
12966635
14890668
1797244
6650004
14551939
12234024
12503729
12221678
16573340
5244928
12675173
4418957
5456389
6656602
6605784
11963273
14217031
13539601
12632390
8550172
15632533
16599148
9954290
2404512
15096466
8194934
13449949
16662400
2367182
13546939
8609328
11181047
3297231
5339435
11398621
10005739
13630348
15319630
6612893
8173126
5283635
6136096
11323766
12470151
15064078
3363708
2590183
8650449
370746
15670123
10270561
12504285
8724965
12052048
15124755
7367291
6896745
5562031
16382730
11408141
5124032
3088119
13713001
10363233
10596152
16254408
14703610
10928068
15497341
14196996
14228094
9040327
1081941
3283509
14947092
12609634
13166480
14856659
14184365
3995756
149758
11709802
11749834
5599792
3124514
7832539
4396526
2152449
16742584
2277495
3949021
1211162
5426178
5543739
2336844
12378852
14936331
12476200
7467986
15414491
15862479
13916491
7252979
2577359
180119
5368091
5511585
3894780
7806293
9247353
11211799
4594607
15495464
15648993
9974487
1869221
15072943
11243343
14542249
13558843
9067540
2150062
10294955
13875346
4163604
5398231
4570399
6271117
4541339
2886061
8659001
825136
3625935
15187515
13133888
1900125
10874752
2019452
2091115
9340486
11923308
5097190
5285179
5731339
12320411
2010851
4249794
13921546
15549317
6164974
288764
12976423
1595044
3875914
3910018
10528037
3205938
16724251
6211073
5890204
8517356
13403135
15406451
14738041
7403676
5167955
7461033
2499899
16199491
13622748
6730951
8264237
9656228
15470522
165177
9986746
13354951
5938002
8325185
12808662
8299305
15274053
5253517
15834855
5915095
8352353
12469572
454970
4248796
12313127
3713991
16384047
2203113
8287642
16280273
6230665
7387938
1638338
15751886
1484845
11029885
16604583
10719020
10968713
6460423
5838214
3566864
1954408
1188836
9285223
4402470
7340948
10653612
3407992
13548110
14395627
13382692
5508917
12615621
2803669
12406855
3986100
8228053
10897900
9737637
1119066
4633164
13818046
3850520
9068466
16586247
4141850
5440750
2213176
3002962
1100553
4903256
7323549
8860034
3911904
6045998
3902529
1247481
1482832
12043174
13260430
6402516
1902880
1368774
15563586
9152489
13293706
2938338
16071139
7041278
9036463
12661395
14203398
331299
2586478
919799
11422617
3985087
9495613
2639160
10654444
5722189
3700509
14336911
10752223
4924906
4370108
3754272
7385715
4974484
4612869
1764916
9053883
15733176
13185301
1479028
9919558
12349882
903009
9239245
10306818
7281501
15719480
5796804
11255514
4965490
8045394
13831419
10026367
956370
16480329
9734552
15737896
12008871
4283620
2894931
16044673
5840153
869642
15094447
6325129
10703296
3094533
7736561
2481584
16516591
6924591
5017634
3010129
4907145
9437898
7507542
3542370
3734066
11861457
8977444
11433498
15388886
12405490
8098845
14941263
15884775
9108637
6438310
1278312
842367
10256917
16535417
12227806
8849460
15532284
15344267
1837212
6766033
1357672
4748274
3149539
15860522
14067153
13649593
7137998
6778632
6094721
5907829
3695643
12268734
5198591
9656756
10186645
4027392
11052049
11972881
14816544
16672975
12191596
13185038
4530251
3987874
13305585
7361915
12912191
5452688
8459671
11909462
15886552
16432704
7644535
164805
1595616
14172974
11379336
10538710
8447378
13137256
1366657
13636681
5338075
10737438
16416814
11180742
14870840
7455065
11198233
11005756
16771713
14188254
9532903
660300
1809309
296361
10885927
12098554
5742507
4006284
13579095
15380450
136972
2371146
6035737
5770603
9854862
13213493
11207480
10099587
5644261
13553010
15818989
14734738
3291315
12065835
8904026
11940154
3700629
15280792
4333703
15904184
14817736
13645381
15904880
15273064
10838375
11904021
11917511
6550583
7251887
5571437
5875170
12214636
5223731
8379529
6309949
3957843
1432705
12765252
9550663
11579128
3264911
832676
1932795
4907055
15912416
11523407
3495613
6955963
16114804
592226
4022360
12363851
11662937
8710262
11498687
12865461
1988340
11146857
1705256
10342286
15043373
7917629
7714738
13951962
2862594
14037908
13498951
16457305
8701252
4251019
522955
14605904
1107943
11136079
12324577
16444058
9867676
16248937
3675002
3575032
16663388
403173
7556979
962148
2349816
10001272
13510159
8244105
9597669
12728650
7583708
809459
15436838
12712354
9788352
8179189
1672307
9986196
8691836
950718
3180452
2908353
15589811
5153611
4799193
3938225
6757570
6397027
1056483
15539104
5890634
9660642
6831132
4735345
6316821
2263063
11276558
16434501
10199888
16179452
2247992
9896342
7268241
10584689
4966025
10927810
14622000
2673574
15587666
2521066
15996015
16687400
16473085
10324092
12794101
3472391
15874039
6314000
5405848
15838634
7085382
16746314
3435562
2600936
10259294
12226585
3212866
2165017
7818750
4320555
15442762
8596129
3056981
12638083
4513033
1044896
756472
4726036
11228414
4587568
9709257
5773249
14285932
1582492
10792325
15528084
7156155
15849661
9700227
13838042
14079267
9270432
9430706
5293500
8858879
3981365
6273326
10896458
12251434
12276159
8504934
9120543
2397904
12800325
2219548
13119420
14060539
2682405
14815135
7561030
5744041
9582193
15020520
13142192
1693156
1427066
6789276
9676920
1125003
15046525
9441148
5991868
12716754
1761535
197438
3590449
3355214
1905893
3147144
8915308
15247000
3948019
7853941
8553762
7606506
9498281
3043309
3203706
14144008
14692143
554741
14174739
16497890
9232152
4141624
6249558
4761047
10579832
10911505
6004621
6388344
7671272
14690474
1170626
15471022
16049542
5274360
4128670
4562909
12274506
9734883
7176827
530271
7275063
12535346
14887575
14333183
5144128
10047673
2441377
8035233
5020911
12922000
15394595
8543027
8379621
2535234
9734642
7294790
15078562
307827
6778764
15549003
13705455
9501093
9797233
10954060
11095929
8977839
1477777
11401829
4355617
13670076
5227937
8743877
521885
4068552
1871265
6335237
3955689
741896
4974302
3206902
2555672
7837675
16117219
9019822
10821348
10687516
461058
6983575
13448273
6894686
8815835
15221678
16444047
8193004
10389988
7366322
6818841
4907200
14983438
735294
15253203
7747621
15586776
10941167
14454725
4845011
7559807
629159
4444330
5928203
3493570
16309471
6789463
5055799
14862947
12166553
14944422
11925750
12380641
8364297
6883113
9276610
5940457
15580763
7695754
14094053
6845159
7725127
13818912
14873312
10613098
825351
12145836
6227022
11541119
10172494
10454489
6104492
5197033
992888
12135792
7222437
15343066
12408782
6272468
6857764
3162676
15223323
10987653
7611044
12577884
10388249
417303
7058996
13357709
4805447
3397412
16059632
8796179
6746048
9467199
992750
13256999
212310
10005020
9441557
16504061
8666889
6826373
15880630
16573290
13696026
10220489
9684343
2568914
3207347
14294441
13827247
9746240
10444771
4897749
4798510
6263895
13560051
6762058
2891830
5738589
3206605
4673251
14448242
9957099
1054215
1970586
12193463
1653967
16618340
3669999
8267149
10327127
15393641
12183289
2192807
10088637
611947
12979357
14896107
10514572
12941808
13598561
12859883
14747817
8129244
10518825
14626391
12827745
5033434
11193135
444294
10387728
8958683
12538947
1645281
6065655
4402475
7630147
7486153
10418642
1275317
5586573
3481740
10462926
2449992
7272163
6145750
7998250
11080883
10554608
2689092
608061
3510333
1557363
12315343
8589730
15756754
1792139
3172652
4499030
13217689
5688946
9987177
14247381
10221084
4696699
5334988
10810594
9634894
16200117
13524024
14693471
3153607
14425394
15045944
3377535
1705596
212327
460168
11655647
1462734
13142168
13072549
1571723
199068
10964671
16111877
4114000
