0:
###
.##
##.

1:
..#
.##
###

2:
.##
##.
#..

3:
#.#
###
#.#

4:
###
#..
###

5:
###
###
#..

36x50: 28 33 34 30 30 36
35x44: 32 23 21 21 34 22
46x47: 61 53 50 63 52 52
48x35: 34 23 29 22 31 36
44x48: 45 54 50 58 58 59
41x41: 44 42 44 43 44 42
39x42: 43 38 39 40 51 40
39x45: 29 41 31 30 38 26
41x36: 35 43 31 42 42 33
39x44: 41 41 38 44 44 54
42x43: 36 34 30 22 32 41
36x45: 27 33 32 24 24 40
43x41: 34 24 35 25 28 36
44x50: 53 41 25 37 41 27
46x42: 58 58 47 46 42 47
49x48: 38 46 49 35 44 43
41x50: 38 47 22 36 31 34
39x47: 39 29 31 28 35 33
35x45: 25 22 31 31 27 29
35x37: 22 24 18 23 22 22
49x48: 36 45 50 44 36 44
48x44: 38 35 41 40 33 36
46x41: 31 33 29 39 29 34
48x44: 37 30 45 31 41 40
50x45: 57 47 40 68 65 63
35x37: 37 32 32 35 29 34
49x43: 51 53 49 62 54 54
46x35: 36 49 41 43 40 40
36x49: 44 45 53 40 42 50
50x43: 32 39 37 42 36 38
50x45: 48 34 49 40 35 34
47x43: 43 37 37 34 34 25
40x42: 38 38 50 58 38 38
42x47: 56 56 51 53 44 45
49x47: 41 40 41 44 43 31
36x39: 30 32 37 34 43 40
39x43: 22 32 23 41 31 32
44x47: 26 46 37 32 36 32
41x37: 25 27 20 31 28 25
47x36: 27 39 26 24 33 30
46x45: 52 49 46 54 54 61
50x41: 38 30 52 28 40 19
42x48: 62 57 55 48 47 43
50x40: 40 33 28 37 38 31
43x46: 55 55 50 46 45 54
36x47: 24 24 40 32 38 22
39x41: 39 34 27 28 23 18
40x49: 37 41 21 33 40 36
35x44: 24 34 48 35 43 55
43x36: 41 38 43 33 48 36
45x40: 33 39 30 28 35 30
37x46: 49 44 43 44 41 41
36x47: 47 38 51 44 42 40
44x41: 26 26 30 27 35 38
36x39: 24 25 29 33 22 23
48x49: 58 58 50 72 63 58
36x50: 28 30 35 38 27 33
50x35: 43 46 46 46 41 48
40x48: 36 38 32 30 41 31
40x35: 24 17 27 28 24 22
42x43: 34 37 22 42 36 25
43x40: 29 25 24 37 28 39
42x40: 20 31 29 39 37 25
42x46: 31 43 29 26 37 43
35x47: 34 26 23 28 23 30
39x39: 24 25 32 34 32 22
42x38: 32 25 33 21 28 28
35x39: 24 24 18 29 23 25
41x49: 35 42 30 36 29 36
37x38: 43 32 32 37 42 29
36x46: 43 52 44 37 34 47
48x44: 37 65 48 54 65 56
45x36: 31 23 26 40 28 31
40x48: 44 42 39 23 33 26
38x47: 40 30 22 28 29 31
38x42: 22 27 36 26 35 22
36x40: 21 26 40 20 22 27
49x48: 38 39 51 40 41 46
46x42: 33 46 26 36 31 37
50x39: 53 48 40 44 57 55
35x48: 23 28 29 27 29 39
49x38: 43 51 54 46 53 42
42x44: 39 26 28 41 30 32
45x44: 29 42 27 35 38 38
48x46: 40 39 42 34 37 48
39x49: 58 44 43 49 48 50
47x49: 65 54 66 52 64 55
40x46: 42 51 48 44 44 55
41x48: 63 38 49 49 53 49
41x43: 37 50 51 46 46 44
36x41: 42 34 39 37 37 38
50x36: 32 31 35 27 36 30
50x49: 67 66 75 58 52 63
47x38: 52 43 50 39 50 42
47x36: 55 49 45 43 36 34
38x49: 52 44 43 60 43 43
36x43: 21 39 30 17 30 30
39x42: 39 29 25 29 28 32
43x37: 21 32 36 29 23 26
44x48: 35 43 29 46 36 34
47x40: 40 25 36 26 32 35
40x49: 37 35 36 29 34 36
35x35: 19 28 16 25 19 14
35x47: 25 25 33 30 22 29
44x35: 25 21 26 24 26 31
41x47: 42 55 47 53 40 60
42x46: 44 45 57 64 44 45
44x38: 30 23 25 33 29 28
49x46: 44 37 31 37 49 41
48x42: 57 58 64 42 52 42
43x43: 33 36 29 33 32 32
40x49: 29 42 31 38 31 36
44x47: 34 38 36 26 35 41
48x44: 33 42 37 36 27 48
48x46: 52 67 65 48 50 62
41x38: 23 30 32 18 19 33
48x49: 38 42 54 41 38 42
37x42: 42 33 39 48 38 38
40x48: 53 43 50 53 51 45
41x41: 39 46 32 55 51 33
45x42: 43 40 52 57 50 49
50x38: 44 55 43 48 46 56
47x46: 51 48 63 55 57 60
37x43: 43 35 29 50 33 51
35x44: 30 34 45 38 43 48
42x39: 46 32 36 47 47 41
49x39: 36 25 37 30 41 39
40x48: 35 29 29 41 33 41
42x42: 43 42 45 45 47 49
35x43: 41 38 40 37 37 39
35x38: 42 26 35 28 41 32
47x39: 29 35 23 29 42 36
35x36: 28 32 43 29 34 31
35x39: 13 27 22 30 23 27
38x39: 28 28 23 20 24 32
45x41: 27 37 33 31 34 32
40x47: 31 21 42 41 32 28
50x46: 49 71 63 55 66 53
44x47: 51 54 61 54 53 48
39x46: 47 51 49 48 46 37
42x40: 33 25 37 29 35 23
45x49: 53 52 64 59 53 60
47x40: 51 42 43 45 57 49
44x35: 31 32 25 15 27 23
41x47: 29 30 29 30 39 38
45x37: 38 41 31 37 53 53
35x42: 24 28 27 17 28 30
48x40: 40 38 38 35 34 23
41x40: 35 46 49 43 43 39
46x40: 48 48 49 54 37 48
46x42: 29 36 36 33 43 33
44x50: 39 34 37 39 44 30
42x37: 22 32 30 24 25 34
41x43: 35 34 21 28 22 41
49x35: 43 43 44 48 37 49
44x39: 53 36 40 43 44 46
44x36: 25 30 28 31 25 29
50x45: 54 58 52 61 55 65
50x47: 32 44 47 33 43 41
48x36: 30 34 27 31 42 28
46x47: 43 31 32 49 37 33
35x49: 48 41 38 49 47 39
45x38: 36 31 29 29 20 34
44x43: 45 45 39 52 61 46
46x36: 29 23 30 35 39 24
50x42: 35 37 42 45 35 30
35x36: 25 26 26 21 16 17
43x41: 56 46 47 45 40 38
44x35: 43 53 35 34 39 34
44x50: 61 49 54 64 49 60
39x41: 23 36 24 32 32 21
44x38: 26 32 28 31 27 24
44x36: 26 23 25 39 25 29
40x49: 46 52 53 56 50 46
50x42: 41 44 42 30 36 30
40x44: 33 19 38 35 27 29
50x35: 30 39 39 49 57 53
35x48: 29 32 32 30 30 22
48x43: 37 38 40 28 42 39
43x38: 39 31 34 50 42 52
40x40: 40 48 32 43 44 38
36x47: 42 24 37 21 22 34
37x37: 33 39 30 36 37 35
49x47: 36 38 48 37 39 41
43x49: 28 28 41 42 49 36
35x48: 36 27 28 26 38 20
35x35: 21 25 15 13 23 24
37x50: 36 31 36 24 35 29
46x47: 55 67 54 49 49 60
39x48: 33 33 37 40 32 33
38x43: 45 50 36 41 43 36
41x45: 34 26 34 31 38 31
38x48: 35 41 30 38 23 25
38x44: 27 37 26 31 25 22
40x41: 35 27 35 19 19 33
45x48: 49 45 41 29 44 31
38x46: 47 49 45 37 50 42
49x40: 56 42 48 54 51 49
36x48: 45 53 33 44 40 49
49x39: 36 47 52 51 44 65
45x42: 52 48 42 38 58 51
38x40: 37 35 47 37 45 35
50x38: 32 35 34 35 23 33
40x45: 33 39 23 36 33 31
50x46: 69 68 68 46 57 50
44x45: 34 44 35 39 34 24
50x41: 31 45 40 32 36 24
38x42: 25 31 30 25 31 25
43x44: 32 31 33 35 25 39
35x39: 24 29 27 18 21 24
39x40: 43 35 42 38 46 36
36x43: 31 41 41 44 47 35
39x47: 51 58 44 44 47 39
35x41: 20 22 28 27 30 16
44x40: 36 40 26 30 22 27
35x40: 33 31 47 32 43 32
42x36: 37 40 39 32 44 41
35x48: 31 29 31 21 30 34
36x45: 28 39 51 42 51 41
48x44: 41 26 41 37 36 42
45x46: 41 37 48 33 32 34
44x43: 39 32 31 40 23 30
45x48: 53 59 45 64 53 56
50x35: 30 30 31 25 28 32
37x38: 25 18 28 25 30 17
48x46: 46 64 64 45 63 61
49x46: 53 56 52 63 68 53
50x41: 31 37 39 44 28 29
50x44: 33 42 37 39 32 40
44x38: 30 26 26 29 31 26
39x50: 22 29 33 35 43 46
35x41: 26 22 20 32 18 25
49x45: 52 59 64 58 42 67
39x43: 29 33 34 33 29 24
39x47: 31 39 33 26 28 38
49x40: 48 47 52 52 53 50
37x45: 26 29 27 29 36 33
44x35: 20 20 22 29 32 30
35x40: 37 30 37 33 46 32
35x46: 25 26 27 26 26 34
36x50: 40 27 30 46 26 22
39x49: 42 51 50 45 57 50
37x35: 16 25 24 18 26 22
35x44: 23 30 27 21 24 29
47x47: 58 68 61 48 59 49
45x41: 34 36 39 27 31 28
49x47: 40 39 41 42 31 46
49x35: 36 43 34 48 50 50
46x37: 39 28 29 24 24 36
35x37: 28 24 22 21 20 17
44x46: 38 31 31 47 36 27
38x44: 23 36 21 31 25 31
48x36: 38 26 32 29 32 35
37x39: 28 26 22 26 22 31
38x47: 28 35 34 27 28 28
42x40: 37 46 50 52 38 38
45x43: 41 53 48 55 55 46
38x43: 34 21 29 20 32 32
48x43: 35 41 31 36 36 45
48x45: 60 61 64 51 52 48
49x42: 65 42 51 63 50 44
45x44: 23 38 31 42 38 37
46x39: 44 45 49 55 45 39
36x46: 28 40 28 36 22 25
41x39: 36 40 33 52 45 38
40x47: 39 27 41 29 36 23
40x46: 31 32 31 31 35 35
43x46: 35 29 30 46 36 33
43x38: 45 42 39 41 50 34
40x39: 28 35 28 22 32 24
45x36: 27 36 31 29 35 21
45x50: 31 40 50 40 37 42
36x39: 38 35 42 35 27 41
35x35: 22 21 28 17 18 15
42x41: 48 46 36 40 41 52
42x50: 53 42 32 37 26 33
43x40: 54 40 43 43 40 44
36x47: 47 45 37 44 41 45
39x50: 36 30 33 41 32 36
38x48: 46 62 64 39 33 44
44x39: 29 21 36 34 29 33
36x40: 25 25 29 15 29 32
49x44: 50 49 65 56 58 56
49x40: 33 28 33 47 34 32
50x38: 49 46 52 42 44 60
44x39: 36 54 27 47 46 51
43x46: 53 57 53 52 52 39
45x48: 50 70 64 50 47 56
35x48: 31 31 28 24 30 31
36x48: 31 32 30 31 32 35
50x37: 31 30 31 32 33 35
46x36: 37 44 45 48 40 42
35x41: 36 39 49 32 44 25
44x43: 56 56 57 36 47 43
43x50: 44 37 47 26 37 32
38x36: 17 20 30 24 28 25
38x43: 50 46 38 35 37 45
42x43: 36 46 46 54 41 55
38x47: 53 52 36 52 39 41
38x37: 25 24 23 28 22 21
41x35: 43 33 32 39 35 37
50x39: 34 26 38 34 34 42
36x37: 30 34 40 28 34 41
49x40: 32 42 38 30 41 25
39x46: 49 55 40 40 51 41
38x44: 26 26 28 25 27 35
44x36: 43 38 35 37 49 40
35x35: 25 29 33 42 33 27
48x42: 56 44 50 53 52 54
46x40: 31 28 36 29 31 39
41x38: 41 38 45 32 47 38
36x36: 19 30 23 23 19 29
44x40: 30 23 32 23 41 33
46x40: 37 21 35 33 34 34
42x46: 52 51 47 52 44 51
48x46: 53 61 69 62 50 49
47x38: 36 26 39 26 27 25
35x42: 33 37 40 33 45 39
43x39: 32 26 34 28 29 32
48x45: 36 48 29 43 39 44
40x39: 40 25 24 23 31 25
39x35: 31 31 33 39 40 35
50x39: 38 45 27 35 26 37
37x41: 41 37 51 29 42 37
43x46: 41 47 32 32 23 35
47x50: 60 70 60 67 52 54
50x39: 45 54 43 57 55 45
50x35: 17 30 33 29 41 26
35x47: 27 32 24 29 33 20
49x50: 50 40 43 40 39 43
36x50: 38 51 54 50 45 42
35x37: 31 35 34 32 40 28
50x43: 54 43 72 56 56 53
39x42: 37 32 42 48 48 44
38x38: 39 36 33 42 35 36
39x35: 29 22 28 19 20 25
45x40: 30 28 40 33 31 33
42x38: 40 48 45 36 31 48
42x36: 33 27 26 27 24 30
37x45: 40 28 27 25 30 30
46x49: 37 39 38 46 43 36
47x44: 27 43 36 25 42 36
47x43: 61 63 45 59 43 40
47x38: 44 41 62 39 44 49
49x35: 38 50 51 37 43 48
35x35: 26 19 23 15 15 22
39x46: 42 45 56 49 53 34
43x38: 32 27 33 25 24 26
47x47: 34 25 46 38 38 44
46x46: 41 34 34 44 37 34
47x46: 35 28 42 36 42 42
41x50: 27 33 38 49 31 29
43x36: 48 43 37 32 42 36
45x47: 66 48 58 60 36 58
44x48: 52 66 44 50 62 50
40x45: 45 55 38 50 42 46
46x36: 36 30 29 26 30 28
47x43: 39 31 38 33 38 31
46x44: 53 54 49 51 54 50
48x48: 64 65 68 53 60 48
44x43: 53 40 48 40 58 51
40x47: 30 31 35 30 30 38
37x43: 55 37 35 30 39 47
46x40: 29 35 24 33 33 40
41x35: 20 20 26 25 32 20
39x38: 30 21 20 21 29 35
39x43: 37 35 25 24 28 33
39x41: 34 36 46 46 44 41
49x44: 31 46 38 29 45 35
39x37: 28 40 41 37 41 37
38x45: 24 36 31 38 18 33
48x47: 62 56 58 57 66 48
40x36: 27 29 21 25 27 27
50x43: 41 45 56 63 64 61
47x50: 65 72 62 57 65 43
36x38: 32 42 26 39 34 36
40x41: 21 27 29 31 35 25
37x36: 13 26 30 30 21 23
40x39: 40 34 38 42 39 46
49x41: 56 56 52 54 47 45
39x42: 41 38 40 44 41 47
40x48: 41 30 35 25 36 40
35x48: 30 23 30 35 32 26
41x50: 40 30 41 30 35 32
39x35: 27 27 19 22 23 25
45x47: 40 41 33 37 32 41
39x39: 21 27 29 39 25 27
49x44: 56 63 55 57 49 53
44x41: 33 30 24 38 24 33
46x41: 30 33 26 33 36 36
45x35: 35 33 42 50 41 41
45x43: 32 47 38 34 31 27
35x37: 27 31 17 16 17 23
40x36: 14 25 33 28 28 27
48x40: 60 43 33 49 55 50
35x46: 42 36 37 46 49 36
35x50: 30 27 34 30 21 34
48x46: 38 48 21 39 45 49
47x36: 42 48 39 40 41 50
35x47: 34 41 38 48 43 48
45x45: 36 36 45 34 35 39
36x48: 36 37 35 27 29 28
50x43: 33 35 51 40 34 30
49x41: 35 26 35 39 38 34
38x38: 19 24 21 18 34 27
43x46: 42 66 52 47 46 54
49x43: 46 35 36 31 37 39
37x37: 36 49 35 30 31 32
36x47: 43 36 42 49 46 43
45x41: 36 36 33 33 30 26
42x36: 36 26 28 23 32 22
48x38: 24 37 40 31 25 35
39x45: 40 33 34 26 29 32
48x38: 41 28 29 31 30 33
36x39: 20 26 35 31 17 26
44x42: 31 28 28 40 30 39
40x50: 54 68 47 53 45 42
39x45: 28 33 36 29 35 33
50x40: 35 39 26 31 35 42
49x49: 42 54 30 50 38 42
50x48: 66 45 64 81 51 61
50x44: 52 49 58 58 51 70
41x41: 25 32 24 31 30 27
37x38: 39 26 39 39 32 41
35x37: 24 33 21 22 14 18
48x39: 36 34 36 24 38 39
44x39: 38 49 44 48 40 46
46x48: 36 37 43 44 37 42
44x41: 26 30 32 35 31 27
47x40: 33 32 30 40 29 30
42x48: 37 38 39 36 34 39
42x44: 34 26 34 35 25 41
41x41: 43 37 61 45 42 35
35x44: 29 15 15 29 42 24
40x46: 34 32 31 24 43 30
35x45: 33 42 41 37 47 43
42x45: 52 40 52 47 54 46
48x49: 39 45 57 38 42 35
49x37: 32 29 33 32 31 34
41x50: 56 54 53 45 59 49
48x39: 40 47 44 52 50 54
40x35: 16 27 26 22 21 30
45x48: 34 37 46 35 42 45
37x40: 37 28 39 43 38 42
46x36: 40 41 54 38 43 42
47x47: 38 38 40 30 35 44
41x44: 29 28 25 31 31 38
38x36: 20 24 14 24 33 29
35x42: 26 20 27 31 25 24
39x41: 48 46 38 42 37 35
40x44: 41 35 61 52 39 46
36x35: 27 22 21 15 23 24
37x50: 57 42 43 40 50 51
46x50: 41 34 47 35 38 45
37x47: 28 30 21 34 34 32
45x49: 57 68 56 42 51 67
47x42: 30 37 37 37 37 32
45x48: 45 30 39 42 40 44
41x38: 23 35 30 22 27 18
39x46: 29 29 42 28 39 27
43x45: 50 55 44 52 50 46
42x49: 37 39 39 42 34 32
49x42: 39 34 37 49 34 31
48x44: 60 47 53 56 53 55
44x44: 31 34 34 25 35 37
38x39: 50 44 37 39 31 28
43x38: 31 25 19 30 34 28
45x39: 38 32 28 26 38 32
44x41: 48 52 40 52 48 37
38x37: 18 25 29 18 25 28
40x43: 37 28 37 30 22 28
49x35: 25 27 34 31 28 30
35x49: 31 29 31 21 31 32
39x49: 44 66 47 47 47 45
39x50: 51 54 47 44 37 67
48x46: 53 45 73 60 50 62
50x43: 45 31 36 38 32 42
37x44: 36 40 36 39 37 61
39x36: 28 24 24 18 31 31
50x47: 30 44 33 55 36 42
43x41: 48 40 50 46 39 49
38x43: 25 25 19 26 30 42
41x43: 38 46 40 55 45 46
50x47: 38 38 51 37 29 46
37x49: 54 50 34 42 48 48
42x35: 32 32 36 43 42 40
46x37: 25 30 37 27 32 29
38x37: 46 35 31 38 31 34
48x37: 44 42 45 56 44 42
46x39: 43 48 48 47 43 48
43x39: 29 35 25 34 23 36
50x50: 63 64 64 65 70 59
35x49: 41 52 33 42 38 56
44x44: 29 29 39 33 35 31
46x46: 52 35 35 34 37 32
38x47: 40 42 48 56 46 43
39x35: 19 21 29 23 24 26
36x47: 26 40 27 19 31 37
48x37: 52 45 33 39 45 56
46x35: 33 27 27 25 28 25
39x50: 48 44 45 55 49 57
47x49: 60 51 54 68 50 69
35x42: 34 39 39 40 38 37
41x50: 49 50 52 52 51 61
44x41: 45 54 54 43 30 55
45x38: 28 34 31 25 25 37
41x36: 34 28 16 19 23 35
46x40: 30 30 34 28 34 39
42x42: 52 49 38 52 37 42
37x41: 32 24 25 15 34 26
41x44: 39 36 49 58 43 52
36x42: 32 29 29 21 31 25
48x50: 35 45 42 46 46 41
46x48: 39 47 42 33 40 39
39x44: 33 29 26 35 31 28
48x39: 25 31 27 41 45 39
41x42: 24 33 35 28 30 31
38x42: 31 28 19 21 33 36
46x36: 21 33 26 36 31 32
50x41: 36 43 32 31 23 42
46x36: 37 45 44 47 45 38
45x46: 47 40 39 22 41 35
36x49: 40 50 40 52 43 46
38x42: 28 29 26 30 26 28
35x42: 35 39 36 41 36 39
44x47: 50 60 44 55 55 53
44x37: 37 42 57 37 43 39
35x49: 33 27 32 33 22 28
45x41: 45 41 46 38 60 53
44x37: 34 28 34 28 22 22
44x46: 45 46 60 60 48 54
40x47: 19 43 30 30 33 39
48x38: 31 29 29 30 38 34
45x40: 36 29 36 28 32 34
44x39: 25 32 28 29 38 29
43x47: 30 30 36 32 44 37
49x48: 64 62 56 55 66 58
39x41: 37 46 59 37 38 35
47x36: 34 34 30 26 26 29
44x46: 45 34 33 19 31 47
39x50: 45 53 51 55 50 47
49x45: 58 52 67 58 53 54
45x40: 38 55 58 39 46 46
40x36: 22 32 24 20 26 32
41x40: 37 49 37 48 53 28
37x49: 32 29 33 37 35 26
45x47: 62 48 65 50 48 55
36x47: 35 33 37 21 24 30
39x43: 48 40 51 43 36 42
46x44: 44 59 49 52 49 59
40x39: 22 24 32 33 29 28
37x43: 44 24 21 27 30 21
46x38: 27 33 28 36 22 33
44x46: 51 45 49 46 53 66
38x43: 47 38 48 33 48 39
39x45: 47 42 52 50 45 36
47x37: 41 38 41 50 48 48
44x46: 35 34 34 46 25 36
36x42: 28 29 25 20 26 39
42x50: 48 50 65 55 60 48
36x38: 22 22 25 28 22 25
49x50: 42 39 41 39 52 42
40x47: 35 32 27 35 33 33
44x44: 37 36 29 26 27 41
45x49: 23 48 46 39 47 37
40x40: 20 40 27 30 26 26
50x45: 35 34 40 42 40 48
46x37: 45 51 43 45 39 40
50x40: 42 39 27 32 36 32
47x37: 36 34 22 32 29 27
37x45: 43 31 25 20 36 25
44x47: 29 48 41 26 29 37
44x45: 36 30 43 43 32 25
35x39: 23 27 25 17 27 23
37x47: 40 36 35 50 53 50
35x47: 32 22 34 28 25 24
41x46: 34 35 37 26 30 32
40x42: 29 30 33 37 30 22
45x38: 34 33 28 31 30 24
37x39: 27 21 33 32 24 19
39x35: 26 26 18 23 30 19
47x40: 26 25 31 36 34 42
35x36: 28 17 20 31 13 22
44x38: 42 32 39 41 54 47
40x35: 22 23 22 28 24 23
38x45: 34 22 31 35 35 22
42x50: 58 48 55 58 54 50
41x45: 32 38 28 31 39 27
36x45: 36 54 40 37 41 43
37x46: 35 25 30 31 30 29
35x50: 28 32 30 24 29 32
37x45: 47 43 38 39 44 44
38x50: 40 33 29 38 27 24
49x49: 45 27 45 41 46 52
45x43: 56 42 53 48 45 54
45x39: 38 27 31 26 42 31
39x48: 40 31 33 43 26 34
47x50: 58 58 72 43 69 65
48x50: 39 43 34 38 48 53
42x49: 42 31 43 38 31 38
43x38: 48 26 47 35 46 49
35x42: 48 34 42 23 36 44
44x44: 32 37 40 28 28 31
39x39: 24 27 29 32 33 24
41x49: 47 47 56 49 58 53
39x40: 31 37 33 44 50 43
46x47: 57 52 57 52 61 54
40x46: 34 30 31 26 34 40
50x41: 45 40 29 35 29 29
45x48: 39 37 44 37 46 37
38x38: 32 27 44 41 38 41
41x41: 27 24 36 30 27 25
46x36: 51 43 42 43 50 26
36x41: 20 27 27 21 32 29
50x46: 44 39 40 41 42 34
50x37: 49 55 51 36 45 51
48x37: 41 31 24 29 32 35
48x47: 56 69 65 48 56 57
36x44: 33 25 27 28 31 23
36x48: 53 38 36 48 40 48
49x39: 29 29 48 40 25 36
48x38: 21 35 33 36 30 36
47x47: 52 54 58 66 39 71
42x37: 29 28 26 26 27 31
49x43: 44 37 43 30 31 38
40x35: 29 24 29 19 18 23
46x48: 50 59 62 66 53 52
48x50: 40 35 50 54 32 45
35x40: 17 31 20 15 34 25
35x39: 22 31 14 29 21 25
42x37: 36 43 37 46 42 35
46x49: 54 45 68 54 70 57
37x44: 50 44 38 30 40 48
38x46: 25 36 29 31 37 22
45x50: 53 48 57 62 63 62
50x48: 36 53 32 36 47 51
35x48: 39 34 56 39 45 48
44x43: 36 37 23 29 33 37
38x41: 21 24 28 29 27 27
48x50: 76 51 62 54 68 57
35x47: 51 40 38 46 39 38
50x35: 32 48 49 57 36 49
49x46: 50 67 57 50 63 61
46x40: 33 25 40 31 30 35
50x43: 47 49 61 72 58 45
40x40: 35 23 33 27 32 19
45x44: 37 40 28 38 37 30
39x50: 25 44 28 28 39 44
37x45: 36 38 34 26 24 22
38x43: 27 24 27 34 25 30
47x44: 31 31 47 39 34 28
37x43: 19 32 24 31 28 33
42x43: 25 41 36 30 38 26
42x50: 54 62 49 45 58 55
36x37: 46 34 33 28 27 37
50x47: 32 45 39 46 38 39
42x37: 24 36 30 30 26 21
37x45: 32 35 30 28 33 21
35x36: 29 39 32 36 25 34
43x43: 37 30 32 27 32 38
50x49: 63 65 71 67 60 54
35x46: 24 27 29 35 25 24
44x43: 34 36 25 35 34 31
42x44: 46 48 48 45 51 47
46x44: 52 40 56 61 50 52
35x42: 21 33 35 18 34 13
37x40: 38 26 47 43 36 39
38x49: 54 44 51 41 43 54
44x49: 41 40 41 32 37 32
42x35: 20 28 28 27 29 22
44x47: 32 34 48 32 25 38
49x37: 26 34 26 33 40 32
39x44: 50 35 44 45 41 48
44x49: 61 60 56 49 50 57
46x40: 32 27 41 31 37 26
44x40: 31 23 32 33 34 29
47x36: 46 52 40 45 43 35
41x41: 19 18 32 31 33 36
49x38: 49 50 51 41 47 50
36x47: 28 28 26 28 35 34
43x36: 41 48 45 32 31 44
39x38: 26 22 24 23 31 29
44x41: 47 32 50 49 59 40
48x40: 53 42 50 51 50 49
36x40: 26 40 20 26 18 25
35x38: 21 26 27 22 23 13
43x40: 43 45 40 50 47 39
39x40: 39 35 35 32 44 53
35x43: 43 34 38 45 37 34
39x38: 43 37 37 47 30 34
44x50: 39 43 30 41 31 39
48x42: 57 53 43 62 45 48
35x47: 28 29 33 20 26 28
45x44: 44 39 23 33 40 31
46x43: 55 47 50 55 44 53
50x45: 49 37 33 47 33 41
37x49: 37 41 66 45 45 50
47x40: 31 22 33 32 31 45
37x50: 26 39 31 37 37 22
36x37: 22 28 26 17 25 25
43x35: 25 25 28 19 27 29
48x48: 66 52 57 62 56 60
43x38: 34 28 32 31 18 24
48x40: 32 32 22 41 38 43
39x49: 46 61 53 54 40 43
45x35: 24 30 25 33 28 25
41x39: 29 26 23 34 18 38
40x46: 42 48 46 50 42 55
47x40: 34 29 29 39 29 34
40x40: 29 27 32 30 25 26
42x37: 25 29 22 35 26 31
40x49: 35 31 39 28 43 31
46x44: 49 61 41 48 60 51
41x50: 57 57 44 62 48 46
46x45: 45 38 42 34 33 32
44x38: 32 45 36 60 44 39
42x46: 50 54 49 42 51 52
47x39: 27 26 39 35 32 35
48x44: 48 43 63 57 64 51
43x42: 45 43 41 57 38 52
42x49: 51 38 40 32 35 27
35x35: 23 19 22 16 18 22
39x47: 49 46 53 49 45 42
36x42: 24 25 26 27 37 28
39x35: 28 24 22 25 24 19
44x42: 49 53 49 46 48 41
43x41: 29 29 27 32 30 35
49x42: 47 35 31 39 41 31
40x36: 28 40 32 38 42 41
38x48: 35 55 50 50 46 47
44x44: 53 36 60 45 54 51
47x47: 43 58 49 62 71 55
42x42: 52 43 37 42 44 51
48x41: 51 54 41 52 49 54
47x41: 23 28 46 30 34 33
39x43: 24 39 30 32 23 34
36x37: 29 23 27 19 27 18
36x35: 32 27 27 38 34 34
48x46: 48 40 34 30 46 42
38x43: 48 36 42 50 45 30
43x41: 29 32 31 30 25 34
35x48: 35 29 21 19 39 33
50x48: 54 55 81 55 76 53
40x50: 30 29 37 42 40 30
42x47: 33 31 35 40 39 32
48x46: 65 48 64 52 56 56
49x45: 55 50 58 63 54 59
48x38: 30 28 38 36 28 32
39x46: 34 35 36 32 31 26
35x46: 30 23 24 34 26 28
50x41: 58 48 45 58 50 54
43x49: 63 45 50 50 59 55
48x49: 45 46 45 46 33 41
45x49: 61 64 55 53 49 58
42x42: 24 39 38 29 34 32
42x46: 36 40 33 41 33 26
43x41: 40 50 48 55 41 39
37x39: 44 37 32 40 34 34
38x35: 15 30 25 27 15 20
50x38: 32 26 41 27 31 34
36x43: 44 45 42 37 38 34
38x43: 42 45 41 48 30 46
41x42: 40 30 40 43 57 52
44x37: 23 26 29 33 26 31
39x47: 49 44 54 53 38 46
35x38: 20 18 30 23 21 19
43x45: 57 55 44 41 54 46
50x37: 34 26 22 29 37 44
39x48: 37 31 40 37 34 29
36x40: 26 31 23 30 25 21
43x36: 45 28 41 41 51 31
36x39: 21 34 26 22 27 26
38x43: 40 42 33 41 50 43
48x39: 42 59 34 48 49 54
42x38: 31 22 30 27 24 34
37x44: 23 33 27 24 36 25
37x41: 19 26 27 23 31 30
47x36: 52 53 36 47 41 31
43x45: 38 34 38 41 25 34
49x46: 31 34 39 50 51 34
37x48: 50 37 41 51 43 49
41x46: 43 41 54 44 54 55
39x45: 36 39 26 25 33 35
45x38: 27 32 28 29 35 29
44x42: 29 36 45 36 23 26
41x49: 36 34 32 29 40 36
39x45: 53 32 50 49 41 45
41x48: 38 24 27 41 40 38
40x46: 37 35 34 33 25 31
49x47: 69 61 66 44 65 52
49x43: 30 43 25 49 41 35
38x36: 25 27 24 22 27 19
50x38: 61 56 39 40 46 49
47x39: 31 46 39 59 53 52
42x46: 52 56 44 49 46 50
43x41: 45 43 44 58 41 40
38x49: 36 29 36 33 32 26
48x38: 30 28 32 30 31 40
48x38: 38 33 25 27 42 26
43x36: 33 52 35 41 39 39
44x49: 43 38 41 29 31 42
50x37: 44 29 17 40 26 35
36x43: 27 38 42 56 41 35
49x38: 29 24 31 38 30 40
36x37: 38 29 32 39 23 43
38x37: 28 20 15 33 24 24
42x49: 44 36 45 30 33 36
39x46: 25 33 32 32 37 36
47x46: 28 30 44 37 38 48
49x35: 26 30 31 34 30 25
47x46: 54 58 58 49 60 55
40x48: 43 32 33 28 43 28
39x48: 32 29 41 34 41 30
44x46: 30 33 30 41 49 26
35x47: 27 19 30 26 29 33
44x42: 47 40 53 46 53 46
45x42: 34 43 32 33 35 32
43x50: 38 52 35 34 31 34
35x38: 36 32 35 30 36 36
49x44: 39 29 42 39 41 33
35x47: 22 27 32 31 28 24
38x49: 25 34 31 34 27 41
36x44: 34 46 49 43 35 40
50x43: 36 40 33 43 30 41
39x36: 34 39 48 28 37 34
41x46: 45 31 25 37 30 27
42x44: 31 28 31 43 31 32
35x46: 27 24 28 29 24 33
40x42: 43 44 44 50 39 39
37x38: 29 27 21 18 23 26
38x39: 32 30 24 19 25 26
45x45: 45 48 51 64 57 46
37x44: 26 26 34 32 26 23
43x36: 34 42 48 42 35 40
40x45: 32 30 31 27 41 33
37x43: 34 48 34 43 45 40
48x40: 57 44 46 50 57 40
44x36: 48 49 19 43 33 47
36x47: 22 26 32 40 30 29
35x39: 34 23 27 25 14 19
38x40: 20 32 37 20 19 27
44x44: 44 46 51 65 45 47
49x48: 47 69 62 55 67 64
48x50: 31 45 41 33 55 50
47x50: 47 66 62 66 54 68
39x44: 30 24 31 27 37 33
41x42: 38 47 46 54 34 47
48x49: 74 54 67 47 68 53
47x44: 48 28 31 35 31 36
47x49: 42 42 27 43 42 43
48x44: 50 60 54 51 54 57
39x38: 33 31 47 49 30 40
41x36: 19 29 37 21 26 24
38x38: 39 32 41 32 42 37
48x46: 36 48 46 37 36 36
44x38: 26 26 24 40 31 21
45x43: 40 48 61 61 50 41
42x49: 38 45 57 61 57 59
45x37: 28 32 31 23 34 31
39x50: 36 40 28 36 42 26
45x45: 37 38 40 39 37 34
48x39: 46 45 56 52 42 49
45x35: 31 22 29 28 32 22
47x39: 28 32 28 33 39 34
41x38: 21 38 25 17 29 26
43x50: 25 38 48 43 41 28
36x42: 35 47 42 44 33 34
50x41: 47 53 57 48 53 59
35x45: 25 31 27 28 23 31
50x49: 67 64 58 53 59 75
36x47: 29 30 40 24 21 36
43x49: 57 56 55 51 43 63
43x35: 23 29 20 36 19 27
39x46: 34 30 38 25 32 36
37x45: 41 20 25 33 34 26
43x41: 28 31 31 35 27 29
44x48: 52 45 65 56 51 58
40x35: 22 22 26 27 25 20
35x44: 35 40 38 39 45 40
44x46: 26 48 32 29 42 32
41x39: 35 40 30 52 38 48
38x39: 36 29 24 24 23 19
46x48: 33 34 43 39 44 46
50x45: 51 42 33 39 40 34
41x49: 32 40 38 37 22 39
46x38: 32 36 25 23 36 27
48x48: 40 52 43 37 40 43
47x38: 24 36 28 25 36 30
48x49: 65 58 54 65 64 54
50x35: 38 25 26 21 32 34
48x41: 55 51 43 56 39 57
44x43: 47 62 55 42 48 41
46x37: 22 27 26 30 41 34
43x40: 28 30 35 31 23 35
50x37: 48 55 51 41 38 54
46x35: 26 27 27 24 28 33
39x47: 23 32 42 23 34 40
39x39: 32 35 33 44 32 56
44x40: 43 47 48 46 40 48
39x42: 31 31 35 27 31 26
47x41: 37 25 40 28 34 31
40x36: 26 25 25 27 29 23
47x43: 37 36 37 27 35 37
40x45: 35 23 38 35 31 33
42x37: 29 38 29 29 15 27
42x36: 42 24 46 44 43 34
45x49: 41 36 41 38 41 42
48x50: 60 64 58 64 58 65
47x48: 34 35 38 45 40 48
43x47: 30 34 32 43 35 35
38x48: 45 53 47 42 42 53
37x35: 30 8 16 30 29 18
35x39: 25 21 23 24 21 29
42x41: 23 38 27 35 33 26
37x44: 24 29 38 27 27 23
49x37: 29 39 31 34 27 32
50x40: 41 36 36 20 42 33
38x43: 48 39 45 36 49 35
47x46: 41 33 36 37 38 40
35x44: 33 26 26 25 24 20
44x45: 54 53 53 40 41 65
49x42: 51 37 20 38 38 39
40x39: 22 27 27 29 37 27
49x48: 63 57 58 69 48 66
50x36: 35 33 29 35 33 27
49x37: 55 48 55 51 39 34
50x36: 38 35 48 42 59 54
35x38: 18 19 24 21 14 36
49x50: 39 36 36 52 47 46
42x37: 46 40 46 34 39 36
41x41: 52 46 35 47 32 45
47x47: 58 64 60 58 48 54
39x35: 35 41 45 32 38 23
36x48: 32 43 32 33 27 25
38x36: 35 37 28 32 38 39
41x41: 31 27 28 24 25 33
41x46: 46 44 52 48 48 53
37x47: 27 31 30 34 30 27
50x35: 22 27 27 34 34 31
50x44: 53 50 53 46 69 66
42x50: 38 32 50 27 39 38
36x37: 22 22 22 28 18 32
35x50: 46 49 37 54 48 34
47x41: 55 56 43 53 42 47
41x36: 36 33 39 41 37 41
49x41: 33 36 43 39 25 32
36x36: 25 22 18 22 29 28
38x45: 42 38 49 40 52 43
40x43: 24 27 32 34 34 30
50x40: 28 40 39 39 29 32
45x44: 43 37 36 35 29 30
41x46: 35 33 31 27 35 34
39x37: 33 20 24 26 22 31
40x46: 21 24 38 43 36 33
46x48: 33 41 40 54 33 39
45x42: 51 37 44 53 54 49
47x46: 34 35 41 40 39 36
35x40: 20 24 31 26 16 26
40x48: 35 33 34 42 25 39
41x38: 25 20 31 31 29 19
36x37: 39 32 35 30 33 36
40x42: 39 24 26 22 29 41
41x47: 31 39 29 39 27 30
44x36: 37 52 46 37 35 40
40x41: 29 29 22 33 31 24
49x36: 32 23 28 34 37 37
43x43: 34 30 33 28 37 33
42x45: 33 28 30 39 37 42
45x36: 23 31 28 35 31 32
49x44: 42 33 33 34 44 37
41x38: 51 40 33 41 31 42
36x42: 23 26 27 35 27 30
42x47: 26 28 36 46 34 39
37x38: 37 34 31 37 40 36
43x47: 40 38 36 33 28 34
48x47: 43 41 40 42 35 39
44x36: 35 35 29 28 17 23
43x41: 46 37 37 53 44 51
39x45: 36 31 35 33 27 32
46x42: 37 31 30 39 35 38
45x36: 26 30 24 34 32 34
38x46: 46 43 45 46 48 41
48x35: 35 26 32 31 27 25
44x48: 55 58 59 51 50 54
46x47: 46 53 68 63 55 51
45x42: 39 40 46 58 50 56
44x48: 27 38 47 32 40 40
37x37: 23 27 33 22 23 16
50x39: 41 61 61 48 40 54
46x49: 59 57 68 57 49 60
43x43: 44 55 41 45 44 55
44x47: 66 53 59 48 46 48
39x43: 44 36 38 37 54 47
44x49: 45 40 31 33 33 41
35x50: 35 47 53 47 43 47
48x47: 42 31 34 46 47 40
39x45: 32 32 37 29 35 29
45x46: 29 35 42 31 43 44
46x37: 33 29 34 28 29 26
41x38: 39 40 44 36 30 52
