[##.....#.] (0,1,5,8) (1,6,7) (3,6,8) (1,3,6,7) (0,1,2,6,7) (1,2,3,5,7) (0,1,3,4,5,6,7) (1,2,4,5,7,8) (0,2,5,7,8) (1,2,3,5,7,8) {53,78,43,44,33,73,46,81,60}
[..#..##] (2,3,5,6) (0,1,2,4,5,6) (0,1,5,6) (0,1,2,5) (2,4,5,6) (2,5,6) (4,5) (2,3,5) {29,29,222,175,49,256,223}
[#.###..#.] (4,7) (0,2,5,6,8) (1,5,6,7,8) (0,1,2,8) (0,1,2,7) (0,1,2,3,8) (0,2,7,8) {69,49,69,14,4,19,19,32,54}
[#...#...#] (0,1,4,7,8) (2,6) (0,1,3,4,5,6,7,8) (1,2,6) (0,3,6,8) (5,7) (0,3,4,6,7,8) {175,38,25,159,31,7,184,34,175}
[...#] (0,2) (0,2,3) (1) {13,11,13,3}
[.##..#] (0,1,4,5) (1,3) (0,1,2,5) (3,4,5) (1,2,3,5) {25,56,25,50,38,63}
[.###] (0,2,3) (1,2,3) {7,14,21,21}
[...#####] (2,3,5,6,7) (0,1,2,6,7) (0,1,2,3,6,7) (0,1,3,5) (3,4) (0,1,2,3,4,6,7) (0,2,3,4,5,7) (2,5,6) (0,1,2,3,5) (0,3,4,6) {66,47,58,79,31,51,63,44}
[#..##.] (0,1,2,4) (0,1,4) (4) (0,2,4) (3,5) (2,3,5) (2,4,5) (0,2,3,5) {36,25,38,31,41,37}
[..#.#] (0,2) (0,2,3,4) (1,2,3,4) (0,4) {27,20,45,26,28}
[.##.#.##.#] (0,1,6,7) (0,1,3,4,5,6,7,8) (0,3,6,9) (1,2,3,7,9) (3,5,7) (2,4,6,8) (2,5,6,9) (0) (4,8,9) (0,1,2,3,4,5,6,7,9) (0,2) (1,2,3,4,5,8,9) {68,55,226,44,43,224,250,47,40,216}
[##..##.##] (1,5,6,8) (2,4,7) (0,1,4,5,7,8) (0,1,2,3,5,7,8) (0,3) (0,1,2,7) (3,6) {47,57,35,22,25,39,24,51,39}
[#..#.] (1,2,3) (0,1,2,3,4) (1,2,4) {4,23,23,20,7}
[#.##...] (1,2,4,5,6) (0,1,2,4,5,6) (1,6) (0,3,4,5,6) (0,2,3,6) (0,3,4,6) (2,3,5) {12,31,19,10,19,21,37}
[#...] (0,3) (1) (1,3) (0,2) (2,3) {27,25,22,25}
[.#...##.#.] (1,2,4,5,7) (7,9) (0,1,2,3,4,6) (0,1,3,6,8,9) (2,3,6) (0,4,5,8,9) (7) (1,5,6,8) (0,1,2,3,4,6,7,8) (0,2,4,5,7,9) (0,8) (0,1,3,5,6,7,8,9) (3,7) {65,62,54,47,51,64,64,62,76,35}
[......#] (0,1,2,4,5) (1,2,5,6) (1,4,6) (0,6) (1,2,3,4,5) (2,4) (2,3) {29,34,51,10,38,27,38}
[.#..#] (1,3,4) (0,2) (0,1,3) (0,3,4) (1,4) (0,2,3) {57,48,19,56,46}
[.##.] (1,2,3) (0,2) (0,1,3) (1) (0,3) (1,2) {22,26,20,10}
[#.#...#..#] (0,1,2,3,4,5,9) (5,7,8) (0,1,2,3,5,6,7,8,9) (0,6,8,9) (0,3,4,6,7,8) (1,2,3,5,6,8,9) (1,5,7) (3,4,5,6,8,9) (2,3,7,8) (1,2,3,4,5,6,7) (0,2,4,5,6,7,8,9) (4,5) (0,1,6,8) {51,249,237,263,83,281,250,66,247,232}
[...##] (2,4) (0,1,2) (0,2) (0,1,3) (0,3) (0,1,4) {50,39,32,26,22}
[#..######] (0,6,7) (1,2,3,8) (4,7) (2,6,7) (3,5,7,8) (1,3,5,7) (0,1,4) (0,1,2,3,6,7) (0,1,8) (3,4,5,7) {45,47,16,32,28,16,26,61,18}
[.#..#] (2,3,4) (1,4) (0,1,4) (0) (1,3,4) (1,2) {31,36,26,16,38}
[#.##] (0,2) (0,1,3) (1,2) (0) (0,1,2) {184,167,171,8}
[#...###] (0,2,3,4,5,6) (1,2,3,4,5) (1,2,5) (0,3,5,6) (2,4) (3,5) (3,5,6) (0,1,2,5,6) (3,4,5,6) {156,165,193,75,52,225,172}
[...###.#] (2,3,4,6,7) (0,2,3,4,6) (1,3,4,7) (0,2,3,4,6,7) (1,5) (1,2) {29,47,47,58,58,18,38,49}
[#.#.] (0,1,3) (0,2) (0,3) (2) (0,1) {46,28,12,28}
[#.....#.] (1,7) (0,4,5,6) (2,3,4,7) (0,3,4,5,6,7) (0,2,4,6) (0,1,2,4,6,7) {143,126,124,23,153,29,143,149}
[##.#..] (1,2,3) (0,3,4,5) (0,1,2,4) (0,1,2) (1,2,3,5) (2,3,5) {20,32,49,53,18,33}
[#...] (1,2,3) (0) (0,2,3) (1,3) (0,3) {34,15,28,44}
[..###.#] (2,3,4,6) (0,1,2,4) (5,6) (2,4,5) (0,2,3,5) (2,4,6) (1,6) (1,3) {31,30,52,18,37,182,169}
[..##..#.] (5,7) (0,4,6) (1,6) (3,5,7) (0,2,3,4,6,7) (0,2,4,7) (0,5) (1,3,6,7) (1,2,4,5,6) (0,2,3,4,7) {57,29,51,42,59,61,47,75}
[##.#####] (0,1,4,5,7) (0,2) (4,7) (2,3,5) (0,1,5,6,7) (0,1,3,4,5,6,7) (1,3,5,6) {45,36,24,25,26,42,35,42}
[###.#.] (1,4,5) (2,4,5) (0,3,4,5) (1,2,3,4) (0,3,4) (2,3,5) (0,1,2,4,5) (0,1,2,3,5) {209,216,245,56,229,241}
[##.#.##.] (3,4,5,6) (0,1,4,5,6,7) (1,2,3,4,5,7) (0,5) (1,4,5,6,7) (2,3) (0,1,2,3,4,5) (0,2,3,4) (0,2,3,4,5,6,7) {151,142,137,154,176,166,42,34}
[...##..###] (1,3,7) (3,4,7,8,9) (1,2,3,4,5,7,9) (0,1,2,6,7,8,9) (0,2,3,5,6) (0,2,5) (3,5,8,9) (1,2,4,5,9) (0,1,2,3,4,6,7,9) {43,55,51,64,36,32,40,62,47,71}
[.#.#.#] (0,1,2,5) (1,3,4,5) (1,2,4,5) (0,1,3,4,5) {211,246,207,39,54,246}
[..##..##.#] (2,4,7,8) (0,2,5,6,7) (0,1,2,3,4,7,8) (2,3,7) (4,6,7,8,9) (2,4,6,7,9) (0,3,5,8) (6,9) (2,3,4,5,7,8,9) (0,4,5,7,8,9) (0,2,3,5,7,8) (0,1,2,3,4,6,7,9) {77,18,72,65,75,65,42,105,96,60}
[...#.#...] (0,1,2,4,6,7) (0,1,2,7,8) (1,2,4,5,7,8) (3,4,5,6,8) (0,1,2,3,7,8) (2,3,5,7,8) (0,2,5,8) (0,1,2,3,5) (0,2,3,4,5,6,7) (0,1,2,4,8) (0,1,2,5,8) {82,77,108,210,195,222,175,77,221}
[..#.##..] (0,2,4,6,7) (2,4,5,6) (1,2,4,5,7) (1,4,5,7) (2,5) (1,3) (1,3,5,6) {7,39,40,13,48,50,28,33}
[#.####..#] (0,2,3,4,6,7,8) (0,1,2,4,6,7,8) (0,7) (3,5,7,8) (1,2,3,6,7) (0,1,4,5,6) (0,3,4,5,6,7,8) {227,37,34,212,220,205,230,231,214}
[#.##] (0,2,3) (0,3) (1,2) (0,2) {47,18,53,32}
[##...] (1,4) (2,3,4) (0,2,4) (0,2,3) {31,8,44,31,34}
[..##] (0,2) (0) (0,1,3) (0,1,2) (1,3) {66,45,32,25}
[.#.#] (0,2) (1,3) (2,3) (0,2,3) (0,1,2) (0,3) {52,22,63,33}
[##.##] (0,1,3,4) (1,4) (2,4) {8,19,9,8,28}
[#...##...#] (0,2,3,5,7) (0,1,2,3,7) (0,3,4,5,6,7,8) (7,8) (0,8) (1,2,3,4,5,6,8,9) (0,1,2,3,4,7,8,9) (4,7) (0,1,2,3,4,5,6,7) (0,1,3,4,6,7,8,9) (0,2,4,5,6,8,9) {128,84,101,117,113,85,85,121,100,64}
[##........] (2,3,4,5,6,8,9) (1,4,5,6,7) (3,4,6) (2,3,9) (0,5,7,8) (0,1,3,5,6,7,8,9) (3,4,5) (2,3,4,7,8,9) (1,3,4,6,7,8,9) (2,3,6,9) {31,47,29,76,64,72,74,65,69,63}
[##.#.##..#] (3,4,6,7,8,9) (0,1,3,4,5,8,9) (1,2,4,9) (0,1,2,4,5,6,7,9) (3,4,5,6,7,9) (1,2,4,7,8,9) (0,1,2,3,4,5,6,7,8) (0,3,4,8) (1,2,4) (0,3,4,6,7,8,9) {42,32,32,58,83,27,56,63,52,66}
[.#..#] (1,2,4) (2) (0,3,4) {141,18,27,141,159}
[..#.#..] (1,5,6) (0,1,3,4,5,6) (0,2,5,6) (0,1,3,4,6) (1,3,4) (1,4,5,6) (0,1,2,4,5,6) {40,69,21,35,49,53,65}
[##..#.] (0,1,2,5) (1,2,4) (1,2,3,4) (1,4) (3,4,5) {4,146,138,23,148,10}
[#.##.##] (0,1,3,6) (0,1,3) (2,6) (2,3,4,6) (1,2,3,5) (0,2,5,6) (3) (0,2,3,4,5) (0,1) {238,226,51,66,30,28,37}
[.#.#] (0,1,2) (1,3) {17,33,17,16}
[######] (1,2) (1) (0,2,5) (0,2,4) (0,3) (0,1,2,3,4) (1,2,4,5) {157,37,46,144,25,16}
[.#....] (0,2,3,4,5) (0,1,2,3,5) (0,2,3,5) (0,1,2,5) (1,3) {67,193,67,207,12,67}
[###.##.###] (0,3,5,6) (1,2,3,4,5,6,7,8) (0,2,3,5,7,8,9) (3,5,6,8,9) (0,1,3,5,6,9) (0,5,7,9) (1,2,3,5,6,8) (1,2,3,8) (0,2,3,4,6,7,8,9) (0,2,3,5,6,7,8,9) (0,1,5,6,7,8,9) {74,54,51,100,12,102,92,50,72,68}
[####.#..] (0,3,4,5,6) (0,1,4,5) (3,4,5) (0,3,4,5,7) (1,2,6) (2,3,4) (0,1,3,4,7) (0,1,3,5,6,7) (0,3,4,5) {81,53,19,86,85,83,43,36}
[..##..#..#] (0,1,2,3,4,5,7,8,9) (1,4,5,8,9) (3,4,6,9) (0,1,2,4,6,7) (3,5) (0,1,3,5,8) (0,1,2,3,4,7,8) (0,2) {48,41,40,44,41,19,13,30,36,16}
[##..] (0,1,2) (0,1) (0,2,3) {13,10,11,3}
[.#.###..#.] (2,4,7,9) (1,2,3,4,6,7,8) (0,2,9) (1,4,5,7,8,9) (0,3) (0,2,7,8) (1,4,5,6,7,8) (4,5) (0,1,4,5,6,7,9) (0,1,2,4,5,6,8) (0,1,4,6,7,8) {75,83,66,15,107,63,63,97,86,55}
[#...#####.] (1,2,4,5,7,8,9) (0,2,3,4,5,6,7,9) (0,3,4,5) (1,2,3,6,7,8) (0,2,3,6,7,8,9) (0,2,9) (1,2,3,4,5,6,8,9) (0,2,5,6,7,8,9) (0,4,5,9) (3,4,6) (0,7) (0,1,2,3,4,5) {63,17,36,51,57,56,35,27,25,46}
[..##..#] (0,1,4,6) (0,2,3,4) (1,3,4,6) (2,3,6) (2,4,5) (3,4,5,6) (0,3,5) (1,2,3,5,6) {37,20,41,45,43,12,40}
[.##.##.#.] (1,2,4,5) (2,6,7) (0,1,2,3,5,6) (0,4,7,8) (4,5,6) (1,6,7,8) (3,4,5,6) {12,29,20,11,36,38,52,26,20}
[..##...##] (0,2,3,4,8) (6,7) (1,3,4,5,6,7,8) (1,2,3,4,6) (3,6,7,8) (0,1,2,3,8) (0,2,4,5) (0,1,2,7,8) (2,3,6,8) {27,41,40,41,32,20,43,46,49}
[#..#] (0,2,3) (1) (0,1,3) {10,24,5,10}
[#....#] (0,2,4,5) (1,2,4,5) (0,3,5) (5) (3,5) (1,2,3,5) (2,4) (0,2,3) {44,117,165,57,141,163}
[#.#...#.] (3,5) (0,2,4,5) (5,6,7) (0,1,2,3,4,7) (1,3,4,7) (1,2,3,4,6,7) (0,2,6) (0,1,4,5,7) (1,2,3,4,5,6) {36,57,46,59,59,19,24,56}
[..#.#.#] (2,3,4) (2,3,4,5,6) (1,2,6) (0,4,6) (0,2,3,5,6) (1,5) (0,2,5) {24,10,48,37,44,22,46}
[.##..###] (1,3,4,7) (0,1,2,4,5,6,7) (0,1,3,5,6,7) (0,1,2,5,7) (2,5) (1,3,4,5,6,7) (5,6) (0,1,3,4,7) (0,3,4,5,6,7) {42,35,15,41,40,47,35,47}
[##.#.] (0,2,3) (0,4) (3,4) (0) (1,2,4) (2,3) (0,1) {52,9,35,30,16}
[#.#....##.] (6,7,8,9) (2,3,5,9) (5,8) (0,1,3,5,6,7,9) (4,6,8,9) (0,2,3,4,6,7,8,9) (1,6,9) (0,6,8,9) {13,17,10,14,9,23,32,17,32,34}
[#..#.#] (0,1,2,3,4) (1,3,4,5) (5) (1,4,5) (0,2,4,5) (0,3,5) {16,17,2,25,19,40}
[.####.#] (0,2,3,5,6) (0,4) (0,1,2,5,6) (1,2,6) (0,1,2,3,6) (1,2,4,5,6) {28,201,209,8,14,30,209}
[.##.###.#.] (0,3,4,5,6,7,8) (0,3,4,5,6) (0,3,5,6,8) (0,2,3,4,5,7,8,9) (1,3,4,7,9) (0,1,2,3,4,6,8,9) (1,5,7) (0,1,2,3,4,5,6,9) (0,1,3,4,6,7,8,9) (1,4,6,8) (0,1,4,5,7,8,9) (6) {77,69,21,82,95,76,77,73,66,64}
[...#####] (0,1,2,4,5,7) (0,1,2,4) (0,1,4,6,7) (1,6,7) (0,2,4,5,7) (2,3,4,6) {47,51,54,20,67,19,46,45}
[##.#..#.] (0,3,5,6,7) (1,4,6) (0,1,3,5,6) (0,1,3,6) (1,2,3) (1,3,6) (3,5) (0,1,2,3,4,5) (7) (2,3) {178,217,166,233,150,171,66,17}
[.#.##.#..#] (0,1,2,8) (5,6,7,8) (0,1,2,3,4,7,9) (3,4,5,7,8) (0,1,4,6) (1,5,6,7,8,9) (1,2,3,5,6,7,8,9) (0,1,3,5,6,7,8) (4,7) (0,1,2,4,5,6,7,8) (1,3) (0,1,2,3,5,6,8,9) (0,1,5,8) {81,107,53,55,57,98,91,84,107,30}
[.#.#.#] (0,1,3,4) (0,5) (1,2) (1,3,5) (0,2,3,5) (2,3) (1,4) {23,219,31,212,12,199}
[...##.#.#] (1,2,4,5,6,7) (0,1,2,3,4,6,8) (1) (0,3,4,5,6,7) (0,2,6,7) (0,1,2,3,4,5,6,8) (0,8) (0,1,3,4,6,8) (0,1,3,4,7,8) (4,7) (0,5) {105,93,61,67,96,36,82,64,81}
[##...##.] (0,4,6,7) (1,3,5,6) (0,1,4,5,6,7) (0,1,2,3,4) (4,7) (0,1,2,5,7) {26,18,3,8,42,16,29,41}
[##..#] (0,3) (1,4) (1,3) (3,4) (1,2) (1) (0,1,2,4) {33,37,21,40,33}
[.....#] (0,1,4) (0,1,2,4,5) (5) (0,3) (0,1,2,3,4) (2,4) (2,3,4,5) {39,27,20,15,39,14}
[#...#] (0,4) (0,1,2) (1) (0,1,4) (0,3,4) {60,50,19,11,41}
[##...#] (1,4) (0,1,5) (0,1,4,5) (0,4,5) (0,1,3,5) (0,1,2,5) (0,2,3,5) (1,3) {78,71,27,36,27,78}
[#...#.#.#.] (2,4,7) (0,1,2,3,4,7,8) (1,2,3,4,7,8) (0,5) (0,1,2,3,4,6,7,8) (6,8) (0,2,4,5,6,8,9) (0,7,9) (0,2,3,5,6) (0,3,5,6,9) (1,2,3,5,6,7,8) (1,2,3,4,6,7,8,9) (4,5,7,9) {62,75,88,76,72,40,77,94,104,46}
[...##.#] (2,4,6) (2,3) (0,5,6) (1,4,6) (1,3,4) {19,31,30,23,50,19,57}
[..##.##..] (0,2,3,4,5,6,7) (1,5,6,8) (0,1,3,8) (0,1,2,3,4,6,8) (4,6,8) (2,4,8) (0,1,2,4,5,6,7) {29,43,27,24,217,29,235,10,229}
[###.##.] (1,2,3,4) (1,2,3,5,6) (0,1,2,3,5,6) (0,1,6) (1,3,4) (3,5) {25,45,34,40,20,20,25}
[.##.##] (1,2,3,5) (0,4) (2,3,5) (2,4,5) {13,6,132,121,24,132}
[###...] (2,4) (0,1,3) (0,2,4,5) (1,2,5) {25,23,25,15,17,18}
[##...#.#..] (1,2,4,9) (0,7) (0,1,5,6,7,9) (0,2,4,5,6,9) (0,1,2,5,6,7,8,9) (2) (3,4,5,7,9) (1,8) (1,5) {42,54,49,9,39,60,34,32,15,54}
[.#####.#..] (1,2) (1,5,6,7) (0,1,3,4,5,6,7,8) (1,2,9) (0,4,7,8,9) (0,5,7,8) (2,4,7) (0,1,3,6,7,8) {51,52,31,22,30,24,24,56,51,26}
[.#.#] (1,2,3) (0,1,3) (1,3) (2,3) (1,2) (0) {21,26,41,33}
[.#.##..#] (2,3,5,6,7) (0,2,3,4,6,7) (0,4,6,7) (1,3,7) (2,3,4,5,6,7) (1,2,3,5) {170,7,29,33,185,25,192,196}
[#.####.] (0,2,4,5,6) (0,1,2,3,5,6) (0,1,2,4,5,6) (0,2,3,4,5) (0,1,3,4,5,6) (1,2,4,5,6) {51,40,58,22,48,62,58}
[.####.#.] (1,3,4,5,6,7) (1,3,4,5,6) (1,2,6,7) (1,2,3,4,6,7) (2,5) (0,3,4,5) (0,1,2,4,6,7) {19,59,49,39,50,36,59,41}
[..#.] (2) (3) (1,2,3) (0,1) {7,24,29,27}
[..######] (2,3,6) (0,3) (4,5,7) (0,2,3,5,6,7) (0,7) (0,1,5,6) (1,2,3,5) (1,4,6) (0,1,2,3,6) (1,3,5,7) {57,73,42,63,29,66,44,51}
[..###..#.] (5,6,8) (0,2,3,4,6,7) (2) (3,4,8) (0,3,6) (3,6,7,8) (5,8) (1,5) (1,3,4,7) (0,2,3,6,7,8) {12,16,31,32,21,24,32,25,35}
[.####.####] (2,3,7,9) (1,2,4,9) (1,4,5,6,9) (1,2,3,4,5,6,7,8) (0,1,2,4,5,6) (3,5,7) (0,5,6,7,8,9) (1,2,3,4,6,7,8,9) {24,48,47,35,48,55,53,53,27,75}
[.#.#.] (0,2) (3,4) (1,3,4) (0,2,4) {113,18,113,36,46}
[.###.#.#] (0,1,3,4,7) (0,1,2,3,5,6,7) (0,3,4,6) (0,2,3,4,6) (1,3) (2,5,6) (1,2,3,4,5,7) (0,1,2,3,5,7) {37,36,47,55,24,38,51,22}
[#.#.#..##] (0,1,4,5,6,7) (0,1,3,4,5,6,8) (0,1,4,5,6) (0,2,3,4,8) (3,5) (2,6) (1,4,5) (0,3,4,6,8) (1,4,7) (0,1,3,4,5,6,7) (2,3,6,7) {60,47,35,67,70,59,73,25,37}
[.....#.##] (3,4,7) (0,2,3,4,5,7) (2,3,5,6) (1,2,8) (1,2,3,4,6,7,8) (0,1,8) (2,3,5,6,7,8) (0,1,4,5,6,8) {27,27,59,76,60,42,40,62,32}
[.#.#.##.] (0,1,3,4,5) (0,1,2) (1,2,3,4,5,6) (2,3,5,7) (3,5,6) (1) (2,5,7) (2,6,7) (7) {10,35,55,47,13,59,34,46}
[#...] (2) (0,1,2) (1) (3) {3,21,14,8}
[.###.] (0,4) (0,2,3) (0,1,3) (4) (2,4) (0,1,3,4) {156,140,7,141,171}
[....#..#] (0,2,3,4,5) (0,1,3,4,5,7) (0,1,6,7) (3,4,5) (1,2,3) (1,2,4,5) (3,4,6) (0,1,2,3,4,5,7) (0,1,2,5) (1,4) {156,178,167,70,88,183,6,25}
[.#.#] (0,2,3) (1,3) (2) (1,2) (0,1) {19,31,29,12}
[.####.###] (2,5,6,7) (4,5) (0,1,3,4,6,8) (1,3,6,8) (0,2,3,4,5,8) (1,5,7,8) (0,1,4,5,6,7,8) {24,47,27,25,32,66,46,49,56}
[#....] (0,2,3,4) (1,3,4) (2,3,4) {16,1,29,30,30}
[#.####] (0,1,4,5) (3,4,5) (1,2,4,5) (2) {1,4,13,8,12,12}
[##.#.#.] (1,3,6) (0,2,3,4,5) (0,2,3,4,5,6) (3,4) (2,3,4,6) {17,14,26,56,42,17,33}
[....#..] (2,5) (0,1,2,5,6) (0,3,6) (0,3,5) (0,1,2,4,5,6) (1,3,4,5) (0,3,4) {41,21,22,36,20,49,17}
[##.#] (0,1,3) (0,1,2) {14,14,3,11}
[#.#.] (0,1) (2,3) (0,3) (1,2,3) (1) {24,214,14,19}
[#.######..] (0,2,4,6,7,8,9) (1,3,6) (0,2,7,9) (1,2,3,4,6) (0,1,2,5,6,7,8,9) (0,2,3,4,6,7,8) (0,1,2,4,5,6,8) (0,1,2,3,5,7) (1,5,6,8,9) {162,36,163,143,145,28,177,160,169,40}
[####.#..] (2,3,4,7) (3,7) (0,1,2,4,6) (0,1,2,5,6,7) (1,6,7) (1,4,5,6,7) (0,1,2,4,5,6,7) (5,6,7) (1,2,3,4) {26,48,38,16,36,36,57,56}
[.##.####.] (1,2,3,4,5,6,7) (0,1,2,4,5,7) (0,1,2,3,5,6,7) (0,2,3,5) (0,2,6) (0,1,2,3,4,5,8) (3,4,7) (2,6,7) (1,3,4,6) (0,1,2,4,5) (0,1,2,3,4,6,7,8) {45,66,58,46,68,52,38,44,2}
[##.#] (1,3) (2) (0) (2,3) {7,8,30,22}
[#...#..##.] (3,5) (0,2,3,4,5,8) (2,7) (1,2,4,9) (0,2,3,4,7,8) (1,4,7,9) (0,1,5,8) (0,1,3,6,7) {21,8,40,27,25,25,0,23,21,6}
[##....###] (6) (0,3,4,5,6,7,8) (0,4,6,8) (0,1,4,5,7) (5,6,7) (0,3,5,6,7,8) (0,2,5) (1,3,6,8) (2,3,4,5) (0,3,4,5,6) (5,6) {77,24,20,44,41,100,89,48,29}
[#####...#] (5,6,7,8) (0,1,5,6,7,8) (0,1,3,4,7,8) (1,4,5,7) (0,5,6,7,8) (0,1,2,4,5,6,7) (0,2,4) (3,4,8) (1,2,3,6,7,8) {19,41,27,31,43,31,29,51,41}
[###..] (3,4) (2) (1,3) (0,2,3,4) (1) {7,10,12,32,26}
[#..###...#] (4,8,9) (4,5,6,8,9) (1,3,7,9) (0,2,4,5,6,7,8) (3,5,8) (1,2,3,4,5,6,8,9) (0,1,2,4,7) (0,6,7) (3,4,6) (0,1,2,3,4,5,6,7,9) {27,31,27,42,65,39,49,32,45,43}
[###......#] (2,3,5,6,7,8) (0,1,2) (0,1,4,5,7,8,9) (1,3,6,7,8,9) (3,5,8,9) (1,4,6,7,9) (2,3,4,6,7,8) (0,1,5,6,9) {16,36,35,57,28,37,47,55,65,44}
[####.#...#] (1,2,3,4,6,7,8,9) (1,2,3,4,5,6,8) (3,4,5,6,7,8) (0,2,9) (6) (7,8) (0,1,3,4,8) (0,1,4,5,6,7,9) (0,1,2,3,4,5,7,9) (3,6,7,9) {14,28,22,38,40,19,53,53,51,27}
[##..##.##] (0,1,4,5,6,8) (0,1,2,3,6,7,8) (0,1,2,3,4,5,6) (2,3,4,5,6,7,8) (3,6) (0,1,2,3,5,7,8) (2,4,6) (0,2,3,4,5,7,8) {71,59,70,72,65,63,82,39,59}
[.#..] (0,3) (1) (0,1,2) (0,2,3) {17,21,13,5}
[.#####.] (1,2,3,4,5) (0,1,2,5,6) (4,5) (3) (1,2) (0,1,6) (1,3,4,5,6) (0,1,2,4,6) {34,70,45,33,48,38,47}
[.#.#..##] (1,3,4,6) (2,3) (1,3,6,7) (0,2,5,6,7) (1,5,7) (0,1,3,4,5,6) {11,35,1,19,14,27,20,22}
[###.##.] (0,1,5,6) (2,4,5,6) (1,3,4) (1,3,4,5,6) (2,4,5) {18,44,24,26,50,55,37}
[#..##.] (2) (1,2,3,5) (0,5) (0,3,4) (2,3) (1,2,4,5) (0,4) (0,1,3,4,5) {52,194,196,66,206,196}
[##..#.###] (0,1,4,6,7,8) (0,1,2) (0,1,2,6,8) (0,1,3,4,6,7) (0,1,2,4,5,6,8) (2,4) (0,1,2,4,6,7,8) (2,5,6) {194,194,171,14,168,138,193,38,170}
[#....] (0,1,3,4) (2,3) (0,2,3) {1,1,19,20,1}
[##.#.#] (1,2,5) (1,2,3,5) (0,2,3,4,5) (0,1) (5) (0,1,2) {21,188,195,13,9,201}
[##.###.] (2,3,5) (2,4,5,6) (0,1,2,4,6) (2,3,4,6) (0,1,4) (0,2,4,6) (3,4,5,6) {24,15,57,29,68,35,68}
[###......] (1,3,4,6,7) (0,8) (0,7,8) (1,3,4,8) (2,3,6,7,8) (1,2,3,4,5,6,7) (0,1,4) (2,3,7) (0,1,4,5,6,7) (0,1,2,3,7,8) {89,76,35,51,61,25,35,70,78}
[.#.#####] (4,6) (2,3) (1,2,3,5) (0,2) (0,1,4,5,6) (1,2,3,4,5) (0,5,6) (2,5,7) {39,30,30,14,20,40,26,2}
[#..#..#.#] (0,1,2,3,5,6,8) (0,3,8) (0,1,2,3,5,7,8) (0,1,2,3,4,5,6,8) (0,3,4,5,6,7,8) (1,2,4,5,7,8) (0,1,2,3,4,6) (0,3,6) {93,64,64,93,69,66,73,44,79}
[.###.#] (1,2,3,5) (1,2,3) (1,5) (0,2,3) (0,1,4,5) (3,4) (0,1,2,4) {12,19,7,17,23,18}
[#.##.##.#] (0,3,4,5,6,7,8) (0,1,2,3,5,7) (0,2,3,5,6,8) (0,3,5,6) (4,6,7) (0,3,4,5,8) (0,1,2,5,8) (0,1,8) (3,6,8) {62,27,32,68,18,54,45,19,63}
[##..#..#.] (1,6,7) (1,2,4,5,6,7) (0,4,8) (1,3,4,5) (2,3,5,6,7,8) (0,6) (0,1,4,7) (2,3,4,5) {28,46,26,28,53,42,35,37,13}
[#####] (1,2,4) (0,2,3) (0,4) (0,1,2,3) (3,4) {206,27,208,198,36}
[#.#.#] (0,2) (0,1,3) (1,2) (0,1) (1,2,3,4) (0,4) (2) {64,57,63,29,40}
[.#.#] (0,2) (1,3) {7,6,7,6}
[.###.#] (0,1,3,4) (2) (0,3,4) (1,3,5) (4,5) (2,3) {32,24,26,51,51,31}
[.#.##.] (2,4) (0,1,3,4,5) (0,1,2,5) (0,2,4,5) {30,26,33,7,21,30}
[#...#..#] (1,2,4) (0,3,7) (0,1,4,5,6) (1,2,3) (1,3,4,5) (0,2,7) (3,4,5) (3,4,7) {43,211,29,203,203,197,16,28}
[.##.] (0,2,3) (1,3) (2) (2,3) (0,1) (0,3) {23,15,201,36}
[##.#] (0,1,3) (0,2) (0,1) {38,25,13,10}
[#.###] (2,3) (1,3) (0,4) (0,1,4) {19,15,1,14,19}
[#.#.#.#] (0,4,5) (0,2,4,5,6) (0,2,4,6) (0,1,3,4,5,6) (1,5,6) (3) {44,29,20,16,44,48,49}
[#.##..#] (0,1,2,4) (0,4) (1,2,3,5) (2,3,4,6) (0,1,6) (1,3,4,5) {21,22,15,27,42,16,15}
[#..#.####.] (0,1,2,3,5,6,7,8,9) (0,2,3,4,5,6,7,9) (5,8) (1,6) (0,5,6,7,8) (0,1,2,3,5,6,7,9) (0,3) (0,1,2,4,5,6) (4,7,8,9) (0,1,4,5,6,7,9) (8) {89,69,46,42,42,92,88,61,61,48}
[..##..#.] (0,1,2,4,5,6) (2,5,6,7) (0,1,3,5,7) (0,5,7) (2,4) (1,2,4,5,6,7) (0,1,2,3,6,7) (1,2,4,5,7) (1,4,5,6,7) (1,3) {49,76,215,34,212,70,42,69}
[.#...] (2,3) (0,4) (1,4) (0,1,2) (0,1,3,4) {35,26,17,14,25}
[.##.##..#.] (0,4,5,7) (1,3,4,6,7) (0,3,4,8) (0,6) (8) (1,2,8,9) (0,1,2,5,7,8) (0,1,2,3,4,5,7,8) (0,6,7,8) (2,3,5,7,8,9) (1,8) (0,1,2,3,4,5,6,7,9) {191,46,29,156,166,26,25,31,204,14}
[##....#] (3,6) (0,1,2,4,5) (0,1,4,5,6) (2,4,5,6) (0,2,3,5,6) {35,29,19,6,33,39,30}
[#..#....#] (2,7) (1,2,7,8) (0,1,2,3,6,8) (6) (1,2,4,5,6) (0,3) (0,2,4,6,7,8) (1,2,5,6,7) (1,2,3,6) (0,1,2,3,4,6,7) {19,50,65,17,30,29,59,36,22}
[##..###] (1,2,5) (0,1,2,5,6) (0,1,4,5,6) (0,1,3,4,6) (1,2,4,5,6) (0,1,5) (0,2,5,6) (0,3,4,5,6) {75,195,182,14,44,221,76}
[#..##] (0,3,4) (0,1,2,4) (0,2,3) {30,3,15,27,18}
[###.#.###.] (0,3,5,8,9) (2,3,5) (3,4,5,6,8,9) (0,1,3,5,7,8) (0,1,4,8) (1,2,9) (2,6) (1,2,3,4,5,6,7,9) {20,45,51,55,23,55,34,27,34,39}
[...#...#.#] (1,2,3,5,6) (1,2,5,7,9) (1,2,3,5,6,7,8,9) (0,2,3,6,7,8,9) (2,4,5,9) (0,1,2,3,5,6,7) (1,2,3,5,6,8) (0,1,3,5,7,8,9) (1,5,6,7) {17,73,71,61,3,76,60,51,46,46}
[#####.##..] (0,1,3,5,7) (0,3,4,5,6,8,9) (2,3,4) (1,2,3,4,5,6,7) (0,1,3,4,5,6,9) (0,1,5,6,8) (2,4,5,7,8) (0,1,2,3,4,6,8,9) (0,2,3,9) (0,5) {75,153,167,191,180,196,169,143,39,47}
[.#####.#] (0,6) (2,3,4,7) (0,1,2,7) (1,4) (4,5) (0,1,3,4,5,6) (0,1,3,4,5,7) {71,66,11,40,69,54,40,31}
[...##.#.##] (4,5,6,8,9) (2,3,4,6,7) (0,2,3,7,9) (6,7) (2,3,7) (2,3,4,5,6,7,8,9) (0,1,3,4,6,7,8,9) (1,2,4,5,6,7) (1,3,4) (0,5,6,9) (3,9) {38,21,28,54,53,49,84,58,41,80}
[.#..##] (0,1,4,5) (1,2,3) (0,3,4) (3,4) {18,9,9,42,33,0}
[#......#] (0,1,2,3,4,7) (0,1,3,5) (0,3,4) (0,2,5,6) (0,1,2,6,7) (0,1,2,4) (2,3,5,7) (1,5,6) {237,225,242,203,200,45,43,210}
[.....#..#] (0,2,4,5,7) (0,6,7) (1,3,4,6,7,8) (1,2,5,6) (1,2,5) (1,3,4,5,6,7,8) (0,2,4,7,8) (0,5,8) (0,1,2,3,4,5,6,8) {63,214,52,194,214,231,210,213,223}
[#...#] (2) (3) (1,3,4) (1,2,3) (0,4) {8,30,155,41,27}
[#.###..##.] (3,4,5,6,7,8) (0,2,3,5,6,7,9) (2,5,8) (0,2,4,5,6,7) (0,2,7,8,9) (0,1) (0,1,7,8) (0,1,2,4,5,6,7,8) (4,7) (1,5,7,8,9) {46,31,26,27,28,39,28,71,46,28}
[......##.#] (2,5,6) (1,4) (1,2,4) (0,2,4,7,8) (0,1,2,3,5,6) (0,1,2,4,5,7,8,9) (3,5,9) (1,3,5,6,8) (0,2,3,4,5,7,8,9) {46,37,67,44,49,51,20,31,32,31}
[#.###...] (0,1,2,6) (0,2,4,5,6,7) (3,4,5,6) (0,1,3,5,6,7) (3,5,6) (2,3,5,7) (0,3,4) (0,3,6,7) (0,2,3) {72,13,33,76,42,27,59,24}
[#.#..] (0,1,2,3) (0,4) (3) (0,1,3) (0,1,2,4) {57,37,28,35,30}
[...##.###] (1,2,4,7) (2,3,7) (1,4,8) (4,6,8) (0,1,3,5) (0,6) (3,5,6) (0,5) (3) (0,2,4,6,8) (0,1,3,4,7,8) {42,54,22,153,48,131,113,37,42}
[.#.####] (0,1,3,4) (0,1,2,3) (2,4) (0,2,5,6) (1,4) (3,6) (0,1,2,4,5) (3,4,5,6) (0,3,5,6) {43,41,33,37,52,46,32}
[###..] (0) (0,1,4) (4) (0,1,3) (0,2,3) (1,4) (0,2) {44,27,17,13,32}
[.##..#] (0,1) (0,1,3,5) (4) (0,2,4,5) (0,2,3,4) {35,14,21,10,40,25}
[.#...] (0) (2,4) (0,1,2,3) (3,4) (1,2,3) {197,191,194,208,20}
[.#..##..#] (1,2,4,5,6) (3,6,7,8) (0,8) (1,3,4,6) (0,1,6) (0,3,7) (0,5,7,8) (5,6,7) (0,2,5,8) (0,3,4,7,8) {63,39,15,48,44,35,44,51,45}
[..#.#..##.] (1,4,5,7,8) (0) (4,5,6,7,9) (0,4,5,6,7,8) (0,6) (2,3,4,6,7) (1,2,3,4,5,7,8,9) (0,1,4,5,6,7,8) (0,3,7,8) (0,1,2,4,6,7,8,9) (1,4,6,7) (1,2,3,7) (2,4,5,7,9) {76,65,60,52,105,67,71,129,77,42}
[..##.####] (0,2,3,4,6,7,8) (1,2,3,5,6,8) (0,3,5,7,8) (0,2,7,8) (1,3,5,6,8) (2,3,4) (0,2,3,5,6,7,8) (0,2,3,4,5,8) (0,1,2,3,4,5,7) (0,1,3,5,6,8) {91,40,87,114,54,78,73,56,105}
[..#.#] (0,1,2) (1,3,4) (0,1,4) (2,4) (0,1,3) {31,51,9,33,29}
[#..#.] (1,2,3,4) (0,2,4) (0,1,4) (1,3,4) {24,25,22,13,37}
[#..#.##] (0,1,2,3,4,5) (0,1,2,3) (2,3,4,6) (0,1,3,4,6) (0,1,3,5,6) (0,3,6) (2,3,5) (0,1,3,6) (0,1,2,3,5) {179,164,78,218,39,47,160}
[###.#.] (1,4) (2,4) (3,4) (0,4) (0,2,4,5) {14,10,22,13,56,3}
[#.#.#...] (1,2,5) (4) (0,2) (0,3,5,6) (1,3,4,7) (0,1,2,3,6) {21,32,28,25,18,23,9,16}
[######.#] (0,2,3,6) (2,3) (1,5) (0,1,2,4,5,7) (4,5) (0,3,4,5,6,7) (0,3,5) (1,4,7) (3,7) {32,51,33,29,54,51,12,53}
[.##..###.] (0,2,3,4,5,6,7,8) (1,2,5) (1,3,4,6,8) (1,5,6,7) (0,1,3,4,5,6,8) (1,4,7) (2,4,6) (7) {21,49,39,38,49,46,57,42,38}
[#.##] (2,3) (1,3) (1,2) (0) {2,11,15,20}
[##..#.#] (0,1,2,6) (0,3,4,5) (1,2,5) (4,5) (2,4) (0,3) {15,4,13,11,32,23,4}
[.#.#.] (2) (0,1) (0,1,4) (0,3) {48,32,8,16,12}
